002|013|057|116
035
180|113|045
149
143|199|073|071|025|100|199|147
055
049|053|142|050
162|009
066|014|019|192
079|020|020
043|157|089
194|113|024|146|056
082|194|050|018|072|127|165
197|038|126|155|183
128|011|149|091
055
107|039|159|003|135
127|133|088
054|062
182|023|193|151|045
038|072
186|080
144|038|051|123|045|097
018
140|008|096
066|082|019|056
189|004|041
095|169|197|094|160|086
034|132|194
003|156|189|190
006|154
177|023|170|161
187
161|101|018|005|155
168|024|184|147|040|138|132|047
160|116
090|185
036|184|120|147
025|070
069|158|013|059|009|117
174|025|050
103|028|060|135
086|048|009|069|042
015|059|003|155|046|181|125
111|117|058|141|053|146|158|053
054|040
177|008|166|145|051|123|146|088|097
080|113|171|162|058|141|036
094|039|196|155
006|081
079
102|039|066|028
137|078|170|181|000|131
126|072|082
110|167
040|169|026|024|057
037|014|113|056
067|106|185
197|112|034|171|135|196|116
139|084|116|135|042|137|069|138|154
197|059|169|155|105
040|156|159|020|117
197|014
030|094|175|133
143|196
091|030|155|014
019
127|083|014|105|021
030|086
070|004|057
071|067|093|108
115|167
054|036
167|025|024|156|026|190|178|070|142
080|113|171|068|025|045|062
197|169|052|155
062|184|165
006|086|053
012|157|134
167|006|171|023|175
164|054|087|085|147|199
180|174|085|144|095
006|021
012|074|082
177|163|190|053|128
197|039|098|155
006|072
131|101|089
093|085|031|086|094|009|190|132
141|164|037|146|109|045
161|157|168|195|097
149|195|134
081|108|024|184|137|058|003
068|061|035|071|033|139
023|094|038|049|015
179|157|178|165
094|153|145|155
128|061|023|012
054|025|155|188
136|044
054|185
080|023|024|138|051|147|160|088|133
080|160|103|141|119
136|045
189|013|027|179
178
161|101|055|171|155
130|013|025|131
007|060|005|065|047|103|007|038|154
085|053
008
127|073|071|022|083|081
080|098|195
144|186|093|146|104|127
159|029
180|022|131|011
189|074|057
158|126|132|111|075|129|189|053
039|032
120|001|150|038|090|023|072|170|062
019|132|135
167|057|198|049|144|048|108|054|062
162|101|057
069|047|107|009|132|194
070|182|136|152|127
128|101|030|044
018
117|046|155|199
110|081
015|048|109
148|084|036
068|013|124
023|049|119|074|126|190
069|130|066|077|170|119|083|066|042|135
131|013|097
193|153|166|057|150
114|085|155|108
081|091|060|066
148|008|198|007
030
000|041|099
182|156|129|097
086|074|172
080|035|125|084|114
172|102|029|160|064|188
006|141
025
170|009|122|022|171|010
052|032
121|010|124
148|186|103|155
191|051|031|043
023|105
117|049|155|188
069|155|036|148|025|003|155|109|112
127|059|188|081
167|066|115|054
101|083|122|197|003|073
090|186|160|021|012|049|112|134
167|113|103|054|097|037
148|006|161|182
189|123|052|049|197|175|181|105|009|093|047
065|066|186|187|065|081
189|196
118|148|018|152|100
076|018|117|052|131
148|101|169
094|020|169|180|081
051|029
043|140|188
050|041|019|092|004
045|130|025|195
183|145
024|035|072
010|156|133|069
167|176|186|093
053|161|064|082|134|143
159|176|173|157|018|193
180|095|115
194|153|042|021|132|179
147|075|030|117|136|141|028
074|059|148
127|006|177|092|199|056
165|095|188
110|105
088|098
197|172|136|152|100
128|074|133
098|116|089
002|013|145
096|097|032|089|027|091|165
043|101|188
001|098|064|194
195|077|016|124|147
179|061|014
076|114|059|119
110|071|158|175|159|192|181|165
129|016|089|154|088|062
115|080
012|002|146|081|130|053
019|116|050
179|049|198|104|021
092|138
155|075|109|129
092|004|172
123|097|027|096|041|190
100|159|184|069|021|178|132|127
160|054
060|016|031|059
084
081|049|111|155|075|064
080|038|064
030
094|163|091
156|167
190|169|090|149|125|111|075
007|145
110
188|154|191|052|040|108|135
012|174|082
103|039|102|058|125|111|124
197|028|086|148|075|075|116
166|136|116
120|005|065
014|114|199|071|065
012|095|108
068|095|046|037|056
070|182|178|104|100
130|095|025|119
018
114|110|155|089
120|094|098|159|068
092|013|181
197|039|169|155
146|081
139|039|122|014
145|177
119|048|133
144|174|113|198|084|158|179|133|103|141
085|104
087|019|123|179|035|144|083|150|060|112
136
016|085|155|097
166|187|193
181|003|075|005|151
120|132|151
141|149|063|164|050
015|157|014
167|114|120|010
110|165
035|106
092|182|188
159|053|083|008|150
032|098|037|122|025|070
002|055|162|174
051|171|050|168|137|045|173|138|123|014|031
197|164|086|002|199|184|000
189|174|142
032|138|003|001|138|180|006|104|100
080|153|051|176
099|126|037|096|081
084|119|055|083|102
022|106|017|083|046|081|187|092|039|064
155|019|005|192|195|149
053|155|025|030
096|098|171|130
080|009|066|033|057|086
162|009
083|031|089
044|157|078
002|052|190|192
173|185|094|041|060|064|139
084|132|050
128|061|184
158|026|103|175|036
094|066|019|158|047|139
061|126|002
079|197|156|159|086
088|182|030|043
088|004|037|172|142
052|032
179|048|041
167|059|051|137
002|009|064|050|007
046|116
162|013|075
177|117|121|033
023|112|014
104|186|012
083|081|188|065
022|193
181|166|184|198|062|151|084|036
109|106|127|114|163|139|011
018|091|141
120|175|122|052|053|043
114|085|155|042
160|054
054|079|155|163|132|100
178|162
048|027|123|056
177|126|198
183|153|093|181|138|125|089
068|156
033|051|041|031|053
128|101|172
032|016|030|100
186|013
056|172|067|195
136
191|026|053|015
190|073|149|114|022|031|181|056
179|061|079|044
146
061|025|166|057
087|077|119
007|126|054|028
054|025|031|031|178|166|014
021|029|059|006|020|097|064|141
110|193
004|168|198|082
006|024|075
010|126|071|082
030|000|065
127|178|166|134|072
079|099|113|062
128|182|073
184|152|096|022|116|127
153|032
131|182|188
197|098|145|155
060|104|050
119|157|042
164|005|096
186|167
105|088|058|103
148|019|176|053
146|093
010|051|133|031|081|187|154|033
161|157|023|015
093|196|165|119
196|167
130|048|075
129|181|138|029|020|042
019|092|130|164|054|129|189|085|071|100
162|048|022|069
107|074|023|175|175|057|000|127|073
013|008|166|188
099|008|091|158|101|142|056
053|130|019|137
148|113|112|045
113|125|151
155|171|138|180
099|013|113|128
013|023|029|029|078|072|031
197|077|179
071|196|119
183|126
090|025|116|185
153|080
040|169|159
061|120|024|108
190|181|023|192
093|110|031|128|197|038|066|125
110|032
055
004|060|166|142
007|076|145|163|020|172|151
086|140|172
089|104|119|022|123|097
197|059|126|155
177|052|037
036|153|083
050|138|005|070
180|153|190|190|062
088|013|164|195|073
079|190|108
090|025|154|185
156|012|074|075|198
094|009|126|155|141
197|062
043|182|082
045|149|090|124
008|049|161|011|115|147
030|193|194
055
048|025|024|047|000|131
007|029|115|022|020|184|135
060|116|036
153|032
043|157|169|081|041
176|136|033|074|086
116|059|148
085|054
180|145|066|155|110|071|033
102|040
002|121|185
179|182|064|059|049|010|074
161|013|142
053|089|107|098|005|050
094|145|153|155
055|106
119|011|089
102|046|081|043|197|156|195|106
053|097|037|136|014|183
018|122
172|071|191|196|185|178|193|033
022|044
058|003|093|039|081|012
084|081
090|083|111|011
113|031
012|074|109
167|110|064|053|091
098|154|014
